100
922793 947194
964143 994055
931362 900116
973254 931554
963292 966024
929051 913004
953372 982049
943299 943909
982300 971728
983840 984679
952560 956451
906557 999677
964896 926954
987543 971313
948967 954374
902178 922541
995821 972011
959088 961344
975613 954563
974056 909729
938521 904756
971304 991575
943800 979559
979002 914288
950154 947545
948443 916235
954912 956331
928903 966766
979984 922632
954305 938705
962512 921217
935340 959854
955382 911381
971907 944604
939256 923227
991499 967297
999996 988951
960929 921647
913572 901876
971802 966648
972531 921553
939294 935717
944386 982798
902989 951788
917664 995354
953007 984159
906152 984375
917659 962676
977209 945050
974747 909496
925364 937586
928812 944399
995389 938302
935924 932549
944790 917184
939101 931032
942347 995462
928304 938675
995557 978397
942109 941930
934846 914455
908296 988452
921560 967497
981326 996910
988065 943597
924471 921835
911730 954492
965548 902054
909725 933105
917355 938255
981706 947808
972758 973501
960457 975466
978222 990043
935905 999524
933341 922597
967935 916522
969272 988209
965168 903356
911832 941162
950597 970752
988912 946395
995866 949014
913213 940367
920711 939138
927984 978501
968065 911600
910223 937355
945504 991327
923366 917283
952027 905272
912389 960931
913152 957204
926085 984353
928367 924022
935180 906783
991903 915344
971233 943834
925634 924546
991648 950423