100
199 154
110 191
154 133
193 135
198 137
193 147
181 139
144 105
165 182
129 168
102 185
144 144
200 123
113 159
160 115
102 195
106 150
169 173
174 190
188 154
166 167
126 178
163 137
167 180
117 164
152 180
159 137
106 139
185 115
178 149
175 197
118 116
142 197
157 187
104 101
120 176
121 154
165 119
113 180
180 180
123 195
152 185
170 106
181 155
138 187
199 152
101 107
141 157
160 100
165 140
188 118
111 181
156 196
156 134
136 158
105 187
148 194
142 193
147 102
199 176
157 100
157 155
200 138
182 158
200 148
130 119
135 181
134 152
143 165
113 102
138 200
152 183
175 106
113 103
195 127
106 132
103 143
164 157
153 139
126 153
112 110
186 140
156 171
188 136
122 195
127 134
157 165
109 199
163 153
104 103
163 111
146 133
119 190
176 157
185 132
190 155
194 133
163 163
151 190
169 151