100
97 91
58 58
92 91
60 87
69 82
70 83
73 62
84 68
68 96
85 55
88 76
90 92
91 54
80 87
73 95
91 95
85 79
92 81
89 96
76 63
59 83
96 83
71 89
61 82
71 87
68 96
98 81
69 100
91 96
62 100
61 65
96 77
78 74
51 93
61 58
51 82
76 98
63 70
76 96
64 59
67 73
90 83
71 64
53 75
59 94
53 55
78 66
98 75
68 68
91 95
54 83
55 84
67 52
60 70
57 60
52 63
54 72
99 56
88 87
69 84
96 95
81 78
86 83
84 60
88 98
57 83
79 55
70 63
83 92
79 64
57 94
83 50
52 66
94 92
51 55
66 65
53 93
91 76
62 86
95 81
62 54
81 51
67 62
70 85
78 77
79 68
62 64
94 56
89 83
63 76
67 65
87 98
56 77
71 64
81 92
75 51
96 88
87 68
98 58
62 68