100
834112 886677
906721 721034
986484 951760
773370 838635
880635 781829
982288 938112
988261 809945
760113 832230
998529 982716
855568 903788
982951 737805
742872 990127
826482 954366
973554 788177
746393 783461
759141 978411
765943 755929
913096 866328
961786 809388
743507 846906
866723 964883
857326 848219
999626 786022
948647 925752
711623 915660
947253 941621
874528 945073
982775 755781
976172 938062
854261 883952
722644 738155
736979 788354
951075 700977
869633 761489
777984 865467
757833 881296
734018 767145
947425 767424
845160 930759
942762 740808
928500 763885
946763 827945
946473 916486
847045 848505
963117 799338
855187 734281
861760 935930
813961 973091
924386 730459
928898 844649
787882 900110
888312 994048
895031 924866
819436 732465
883807 896782
987704 850135
781144 946506
701675 909568
969619 919934
862261 708593
896082 920594
931803 967907
977767 883986
893140 874579
726780 796382
808248 737944
904392 997382
858952 827115
814064 928421
783491 857687
793834 942946
755383 970198
960043 907010
707018 879824
748281 832165
701753 838816
935694 738355
718905 718312
775897 992180
966627 987597
719634 827975
897002 804207
871948 997133
984556 981838
718897 838753
847142 910566
813871 976388
789904 967232
738087 872085
947417 841113
992456 919638
996802 994778
928354 830149
713788 906319
912840 926603
996957 964191
756494 720781
912815 781098
793635 975784
705001 903578