100
3384 4454
1918 1550
2708 2584
2441 3722
3679 4676
2104 1663
2619 2497
3390 2086
2141 2161
2368 2114
2537 4265
3289 4958
1491 3598
1111 1203
1878 4001
3567 4720
3004 2228
4930 3961
3452 4096
4787 3703
1292 2695
3772 1378
1857 1483
4412 4974
4064 2225
2987 2046
3639 2156
2929 4754
3756 2288
1240 2029
3548 1074
3145 4302
2254 3347
3541 3528
3763 1675
2111 4004
2361 1595
2983 4062
3295 4380
3277 2940
4841 4010
4043 4508
4336 4910
2352 4295
1312 4479
2239 2661
3111 4155
4667 4471
1426 3279
2248 1943
1530 1835
3590 4064
3502 2046
1870 4504
2559 1701
1482 2381
4134 3805
3609 2939
4610 1486
3434 1584
3149 1721
3356 3121
1433 2317
2575 1796
2803 2216
1080 2240
1872 4670
4465 3508
4715 3469
1872 3691
3279 2894
3004 3710
4345 1339
3562 1665
2647 4144
4575 1518
3593 4225
2526 3952
3222 4077
4173 4773
2445 1673
3096 1294
2272 3687
2020 1591
4169 1882
3253 3390
2706 4116
4045 2284
3310 2622
4115 3167
4641 3271
2910 3879
3391 2009
4001 1564
3528 2604
1128 1890
3435 1177
2180 4819
1580 4212
2174 3224