100
190850 544405
348192 235112
411279 764268
678824 591299
83091 979332
444723 267610
905711 967932
73822 778244
80398 559279
66929 357744
63333 874801
840415 79591
275443 480016
855042 491532
302976 264405
201568 194333
5855 918147
273898 283569
663661 403924
790778 275001
729425 877313
567634 194625
791420 498040
618465 496557
401512 378725
436926 989758
1179 960747
359405 552205
431715 309034
934679 432908
667288 700216
866451 741130
552030 788266
525090 910381
280290 858058
457196 600310
581658 196639
473477 75650
576072 861290
471148 372166
701493 463397
634248 495632
471863 310404
626603 735050
174125 230773
820049 577272
306367 198817
317535 341046
716064 923434
350694 978748
632334 742957
582495 109020
312718 98623
887213 894336
104306 511602
282720 371886
490260 943758
481262 499653
787162 212826
650810 943551
521586 378130
377359 492783
28949 145648
436195 536130
377477 32805
126166 710720
46224 104862
324018 331593
258828 643073
323754 147609
789467 713775
307869 520134
694310 350466
773137 892543
242980 443661
82170 946188
498641 238369
449522 621394
585465 336324
78976 342542
616940 2233
371603 151702
226953 190460
670790 990173
359221 732356
202715 429998
440290 799426
506050 532781
665099 492254
846417 151195
593908 380031
208394 496913
106732 205761
584218 78913
919116 259389
847766 885817
638390 764102
87677 884641
175128 613416
378299 819834