1000 1103 1000003
1000
599125
464296
367013
357307
916802
140081
415172
377939
912645
249105
115088
906747
274023
763160
261681
313254
682046
199663
301752
420741
722857
715802
628387
489790
912528
191093
901718
211380
145894
926968
125858
568772
120745
211893
620672
364611
305054
623254
393748
695874
32663
450273
478507
94604
924654
316342
493567
35108
551113
128589
453232
955402
882326
216313
283594
440628
944846
823977
449795
551894
419763
946660
99707
753116
193555
913290
584891
135597
680580
230807
621497
962408
51112
980001
226832
111143
689320
744279
628938
845248
27322
5697
538711
659392
602397
532100
64341
167472
887002
764893
88968
420626
761602
785379
725536
650019
905396
484231
529847
553752
185621
517012
91986
253090
231383
46257
529501
897004
616181
559387
289137
49305
887795
179310
893904
48328
986656
268123
221796
692754
524372
705200
533893
898568
784436
13973
448498
941879
442731
264651
834388
940453
132465
82669
576384
700819
298565
651952
367219
74362
673012
929380
762645
934800
132945
345778
671993
391170
951356
638557
881497
28921
240670
825155
929115
571095
879400
159451
659344
934393
754201
538167
838129
902004
878839
531457
187682
881881
869266
146366
19889
242
845318
895248
723670
277381
616567
22317
602162
926670
585876
291179
102482
699270
794326
594166
646122
482016
3008
795349
381723
615816
464030
898346
175471
708836
323720
232496
902618
965653
451805
616445
338105
220596
368266
800895
369620
427287
779203
975745
523804
601547
577222
794724
348207
549209
934556
281896
513681
543939
567897
956002
909875
596485
763417
56709
785390
7702
249731
570332
867910
48742
50887
144971
295400
620639
800481
157202
649838
506790
314581
117196
418007
600857
627123
53802
15825
9105
761362
857722
499761
201247
395094
190563
945783
456591
415851
215208
223693
393833
646665
671138
759750
908205
327664
819976
258657
262996
456619
271913
789700
351956
287439
607086
417027
183194
983418
991386
301016
546511
717974
19659
59562
247764
790037
884984
905800
956104
493748
638706
729837
776511
601850
787173
257211
142730
810487
150614
735489
891955
81735
356708
694199
230463
642254
99016
91199
378220
561340
242391
272675
224818
861128
283836
594331
500676
438198
992640
801990
822541
856083
200132
59181
718261
992181
827843
521605
446236
867133
526035
104363
705115
841686
712738
357863
925127
2421
755002
658668
269167
599512
613055
870036
733979
761993
14893
422629
229005
895322
90652
434000
183617
349481
815550
188206
220142
859
513757
255683
100420
42721
866783
859325
125485
187896
264323
785780
80654
452514
654371
44457
271044
691888
266930
205192
526890
827961
189117
223080
55759
703585
413612
284487
401602
959893
119039
929168
673928
304395
521170
541654
312289
63556
750043
550616
433544
939660
796393
935933
965937
323382
601444
829271
540299
253345
986577
972257
345086
343159
274829
525635
87659
250731
483279
233546
237745
453304
292072
150194
361443
136934
710211
85662
224916
984646
870631
861851
606221
961075
207346
788067
544723
419152
930909
347861
518692
795022
224700
494079
439736
947941
241469
130390
438337
942871
297446
427642
911917
64946
981400
542517
567009
443468
195152
190650
447165
318535
981346
259560
116124
793868
548414
219141
514002
735441
737389
656645
817838
207189
337171
364354
806263
579808
798636
599939
679281
410246
202064
179319
689303
25442
469744
206904
843807
781724
765208
513163
262139
410661
561709
6428
570644
169336
660974
179076
796559
594457
997301
33668
26185
652695
866741
387465
383964
702218
696251
564008
31578
23511
33902
325984
364110
838377
358160
931037
583104
90935
868028
299696
443247
183747
520040
293018
350934
733079
967778
267840
167337
840647
479381
101365
527063
544179
865795
292213
737543
947139
32649
419365
641821
302507
575904
511126
774643
482663
828631
129857
959778
653309
409436
751755
874297
341247
591794
614783
544642
502856
746106
401048
90049
206204
636140
292342
407414
546954
80476
960165
988888
672363
644471
219868
140761
801442
476741
836729
507558
399035
980198
386055
956134
450765
768535
744377
159992
447546
75436
51630
903543
521324
953173
317997
193527
218199
37339
6312
526534
937723
730593
455482
96430
18657
55717
297451
995567
871579
352254
599080
202247
950790
991965
515405
102059
961416
729742
424541
905101
323988
526582
623173
583318
282658
437524
830110
615914
819897
128769
495210
907368
863272
274418
816212
972201
662214
853554
223794
424959
603063
734058
514180
410229
345959
556251
879028
119890
545358
788576
117141
361303
533804
712239
594789
299262
356236
599446
393293
837499
405058
533823
414045
302396
549166
189678
37522
430122
683961
618751
885906
543912
435413
879914
205420
150224
713983
974721
230747
376059
793854
536110
697729
747831
436642
278071
897197
512976
779079
898172
128535
320713
793170
496181
785889
604130
640496
117686
446229
767505
152283
50796
572395
975115
702486
242718
805761
549562
825070
111918
829475
360965
949305
895320
404418
242381
483096
23856
662911
649836
807094
120933
654815
687029
685640
240194
309333
122489
708940
907433
793469
195902
769228
128728
468764
820999
417818
438182
738659
753169
470355
165060
708075
819409
797278
605117
788728
302840
61676
118712
35000
810801
923063
372339
108611
433695
196292
60039
967002
908129
340259
667816
388585
706000
777003
675876
69638
432893
65536
525985
296305
916341
945743
69600
719252
352894
372430
138046
241155
85209
963454
989935
107899
691520
360042
571267
529507
106599
553511
975907
745039
210364
433812
482835
936378
499560
378521
239855
249609
525197
613545
583535
540428
764935
171522
13605
354942
533422
516329
563259
482690
663184
620399
375799
850725
559800
365169
220088
95137
232812
697233
849656
764181
129000
880576
364617
92879
215909
355766
726362
485444
124694
892405
955505
755540
193831
61451
224817
19657
40958
560014
470803
842262
827964
944223
54125
686489
679739
182378
247792
352027
960462
763106
810595
872076
592261
768199
591851
661257
130920
355489
104325
668568
436601
181891
702983
696360
669813
729163
559204
234324
806673
537758
901095
968414
190526
896174
55348
505141
751462
667957
392588
554865
304814
545017
27079
763027
355253
50248
104985
788936
646609
478522
333327
809829
175382
72052
786129
409961
284624
171169
667359
165439
715525
94904
708822
264443
619829
39547
586218
933978
170268
586803
184619
110212
822316
272503
546882
387595
341653
47076
263986
31211
776063
594531
628761
177930
883212
640295
451566
280374
730840
683374
581570
706476
539002
861885
405633
901005
988994
614887
47728
112615
782459
77956
733294
368180
633576
291259
777716
363412
860168
602746
541911
169043
379795
521850
22915
192039
427964
336765
504767
272625
457071
638546
311789
743928
32402
395853
300936
111283
98245
615057
833829
226878
450531
596936
494196
820192
700929
106214
167743
149261
526892
932139
148199
455776
324717
172512
566188
853854
597765
225366
23395
235703
838963
700012
31103
73734
385002
810504
338378
142222
492701