100
-684744980 52261664 463
762985022 431344894 441
686371711 -348148497 903
318240949 423971994 23
363244557 -415699938 875
-446504674 -310922130 234
3040722 -60483670 275
-724204332 -969895505 394
920172224 964681142 534
634564343 -651505746 125
79014685 -944056758 719
620596664 204564816 868
189960471 -349314772 436
71120524 975380983 296
-590209230 144076122 84
987420906 79935605 854
-136145980 1997506 571
-593034243 -881162602 900
-868707239 -442862366 193
464915369 -86602665 947
-679071226 201943808 668
213328469 -389147866 613
-960512539 215131135 476
380577750 103843751 222
550805440 199983886 602
598194761 -136222566 654
4293564 743075834 930
392282092 623724973 44
53989395 157301336 478
-732514969 521717825 970
-358014116 -480451874 471
887969092 -833472238 385
-457236351 -811344314 705
-35015320 644718835 679
984891696 -218606129 789
819011285 913422979 772
-481845397 482369584 636
553128645 620680254 647
804189273 -523629979 959
162379393 -62989495 420
-294840874 -980224612 983
117997410 567866366 875
34097089 -626962136 746
-210724672 -279114500 218
644907106 -786535043 425
471219190 -663596841 605
596127634 773073906 642
-107996370 -317193447 852
11204463 989610172 951
982754741 370672222 352
-274309146 651648764 963
-704932070 993596908 140
90771728 992628528 236
-471200670 133317706 557
613287368 -414892820 593
-401375541 -139024711 806
685512548 706166903 187
848292591 -731702487 207
475134534 927435634 913
54498231 -740308089 485
972287547 -648622096 212
-262988884 72403554 739
-306960605 623084224 65
307629289 425255012 962
-32971438 -984301496 831
-940096346 636327171 75
245338266 816271045 734
143067223 -291140487 448
-452141129 -81620729 507
-484898290 25982430 415
660652056 -156771595 399
419669940 -212471914 12
-737388713 -131293240 528
-963719583 -167096502 144
-406590269 -883827884 32
-840131296 -747389691 581
112565419 -889789254 553
801905866 226510788 328
-490459347 785987879 570
287697110 -537765559 460
597620040 921116254 249
761781344 -996198345 396
918534021 650329678 938
-902504466 410036804 32
802512787 -498317698 778
574373127 827230719 676
-232005068 -219034367 821
-659608466 4564710 848
-712593298 -406353574 927
1067961 347271999 916
-492267499 -712076228 981
-877034062 -163228670 247
485041566 728125295 44
245500255 -680602598 723
-253676303 457660452 63
-799013863 56522531 293
322915597 -644903354 606
599272078 233300921 786
-182524866 356338857 967
26975542 157465772 511