40
-796367942 215639787 432
-614099956 -600442006 436
-733725028 723054577 728
-958391888 -182975704 130
552561947 91013146 813
12552920 375725542 900
222264987 -830958456 822
320570112 775545814 225
-527034629 89393524 163
-71885096 972876828 492
-455328251 269127710 725
-210683350 690405653 105
421533922 -325992317 848
987169307 -501525544 907
-367619709 403688737 197
-915399443 -511973056 429
-233852889 -662205457 213
485654299 -441907187 45
-702240202 708824873 529
-691962895 -656070869 295
-48414165 308932556 502
-997049144 555202262 295
758679315 -869927890 720
157231660 244645780 729
618374039 -476516251 950
-119955471 -261685468 210
274816975 339480194 492
-335462989 290019980 481
-634634948 -801071311 97
-137651440 321627174 251
-562574772 -3897139 646
-472084319 -453397387 644
-978394297 -126619273 888
62812334 148873612 218
274671944 292641791 646
-462096934 357905643 352
792859384 -562133789 898
591223751 -692641807 205
69221612 -37829874 615
-99002830 789614120 172