30
-281312351 792655368 35
-959291815 48202655 344
-226316280 113757797 956
-879380277 -426370540 202
-401902499 -922431471 985
638293434 -460837244 122
845510811 847354983 859
999128252 -528756909 477
652767908 143236391 950
750073237 704862802 121
408973850 262310120 90
634282282 -851690867 636
79620913 -22201422 544
188414819 -204462554 695
-801601675 708968309 838
106121006 -528725061 239
-506114947 -96147859 123
898234859 -819087857 434
-30681663 589262945 518
-582526149 519098740 668
407466670 35328089 365
-894719081 169931666 267
-673162362 -187927891 424
532534140 750577768 368
262979089 93114847 854
-284111451 993715759 462
-519666098 711517468 120
714089771 -760100275 374
810810568 -228447113 271
-882785175 324230338 297