60
321004524 -938391373 224
208778470 311165642 621
-281207030 -141375828 164
-86922418 -96294550 990
417599874 -115683658 869
-199455129 -216502023 343
-144400402 525505060 656
-366766615 635615822 707
-809811785 417407715 9
345664473 -534388978 694
-86677281 -692763345 218
-735491670 -894214388 72
548993034 -99057867 275
654782448 687309860 186
667794883 -527492329 904
-702913135 -806372136 907
-756913463 -913800680 752
-746364932 321709142 806
435762145 391776972 40
-330988447 240634367 705
377576425 120984538 188
-742206318 850673446 57
553047098 -820345508 474
805288245 -67221582 967
317264411 -347133386 311
-885824591 -696145344 285
-754809821 -968990937 200
32943229 -552974994 554
962882910 -883013384 895
-681947202 43939905 564
586590605 326428777 993
-606069956 -604207285 188
-422395657 898996359 912
232049203 322758945 937
612982614 749757160 546
-279616474 -610126025 878
145956105 -4568516 468
53293919 -931101942 589
622876629 751092938 88
251476499 -585080729 315
792614920 -816683493 121
-181897032 395930578 445
475791380 518999043 1000
149987367 89652027 626
-926404051 -546933046 730
204390210 522802133 134
-358160824 -747318986 364
672439857 821586437 70
-293915692 -592458784 620
-783375943 -178679389 662
377375938 344915620 203
198158175 -793780827 737
403139006 -204161507 749
259684351 627124231 107
972214828 455739580 183
247750950 -319663121 159
-705219152 291435175 780
-403840230 -272487381 566
-431241256 158883366 556
-955296462 -856305123 442