90
923321399 -521954466 61
369354286 -468906534 899
-676171857 -364279611 142
146539964 33727180 604
215156765 648012962 629
556274621 -31101548 156
379343338 412716686 555
749711941 425720833 430
913506128 -164312821 927
971988827 425937784 997
-607442651 11883721 281
-448962326 -49918977 22
-333560123 -832398015 767
-917539666 -750662507 779
306402975 -850522104 113
-720027507 663095365 68
241497600 213761281 213
-504273296 -997950416 822
-27778228 -114680915 936
632617942 511950396 465
824495225 -741898366 456
-853603427 810878024 487
244598772 -745971934 747
-370110526 538719198 175
-134400031 920682737 853
112855377 -274093335 721
921975456 -784213984 938
585552556 330016192 340
-378476144 -935807600 768
-27221323 316326923 162
848950871 -487549546 690
-29910793 -802391734 902
-960449019 -47583444 703
442707020 997276005 831
201175307 -905626733 852
6392524 78118288 787
-314906314 259153388 447
277888550 -521945363 421
-858499215 29402380 429
548330648 -441787830 164
-914311468 -626214887 478
-473938979 837991735 809
124409562 -515290130 10
699499015 310793758 487
-361709740 955707046 146
-842934805 -263466262 427
-491335462 -509772731 959
151971984 -185777399 930
-666965392 849122924 189
936792456 -78250513 156
802029116 -634386939 391
464455259 -811661845 573
-367738814 82525800 703
461996339 241835426 138
946545850 481781165 41
254379708 -243141854 86
835581908 313705660 846
-69189222 697507567 89
463929368 -468263042 482
331032571 -521393932 470
-406356694 510032566 676
869074026 485564741 104
-845917567 -245674935 953
370392742 -714402620 355
-398157953 -733663705 79
723207147 -736989794 280
-229540983 -436899530 252
441482644 148152899 490
769882737 69459260 376
-855412279 391795096 954
-89191031 -29811364 758
522818085 -546814199 237
487002996 -481697471 607
248802743 232844637 958
339908311 110182726 517
-149642515 46099908 925
36609600 -298125065 155
478825757 338379753 218
456387545 651218739 974
-775765671 976241894 565
162571019 -805112536 971
-636465589 183402834 692
-10103848 -644549682 399
-880599132 -375749455 551
37032321 -709164336 586
571525031 -560956068 656
963260180 -882397499 785
-4529296 422725488 521
848713301 -538101571 923
-612544322 -140407395 315