80
-709106658 55061114 665
-74916401 -924710358 806
884006497 171310968 416
554758924 784547053 604
313759434 282637801 540
556322137 -411463178 412
49291188 -511065791 929
745421907 680487503 830
105828863 781311895 707
492829248 -647775290 43
-331350781 979595037 689
127876584 -248680947 659
-271338385 -943454185 146
688810253 698399259 589
776893133 -270010264 828
553735177 951356608 167
157763986 322539149 30
-661689502 378024852 258
-546294395 797198504 348
803567015 -841664102 819
-546299421 -487363491 820
-155488445 347414881 876
-620431329 -694138818 56
-741705641 16154783 481
918702907 495789937 428
-973680022 363047031 582
840627692 401349447 680
-990932125 412917119 543
470364600 225531250 694
45669566 -932051321 124
344976472 -736330251 115
-279947042 -233745615 778
878678875 -907603648 458
-93225614 189426462 99
730699858 -459421486 677
683504775 795391317 740
323109638 345783563 460
712571755 764895651 228
-612503501 223540747 441
-429394557 804608128 522
-927377777 -13275630 773
-335632363 366035323 365
667022039 -990058911 39
-988592426 -478022022 846
-271718417 451448566 176
472589342 -19610493 913
-641427197 801889604 13
669987305 789525910 305
531203377 -866687258 663
-529461318 -781997815 325
904671999 162429076 114
-362065563 297418309 721
774771720 735682811 205
-571208732 -762970217 996
-604106516 -203613120 217
457914899 -225320992 665
208391039 -883444855 608
224484843 -460295432 251
420615032 -694238326 862
13555413 200083385 26
661909643 578318973 266
280644608 529640723 635
-732066127 -832197279 849
224518674 165899738 104
-88525086 434866331 264
806594415 227139512 315
615496320 -130984896 551
-75215524 587552172 896
-543139764 50432884 406
-538912300 146159226 317
39859567 68239384 870
874746940 -914409188 65
950589646 740633750 848
-440217377 -371353344 624
-915486951 537935710 876
75635954 -768815005 193
408455949 526227574 64
495899644 -70324212 529
-246873251 477868698 322
-876407671 609558532 197