70
-194051067 632076694 269
-453524140 766969466 714
56707743 500150794 706
-500460428 -724929507 28
925514712 350118838 766
-935599928 768282670 19
208903947 746008727 171
-849851569 -710434979 826
653696794 -951200363 988
481745787 554439258 943
836138054 -976093621 777
-798779661 75845994 417
-100989500 -461019234 183
-809586243 -585152806 738
-846423503 111760355 963
723037840 890690901 149
291718107 893709072 4
50160163 -834005260 478
997076570 938785559 771
961779066 -384754840 841
-360339782 -321565997 404
998409038 -879294387 897
-795554317 26443526 920
850586560 -591473063 990
791299871 -346229509 538
160366542 713748645 598
524257146 -529286771 498
-974472482 -97578734 606
-923984421 -350950031 339
428797225 544095543 191
341080558 967950523 579
834765975 -757611738 553
-572434147 719863738 233
-873425916 400554935 216
-735924303 -832832918 349
945682918 -387626534 9
439619681 -692476457 741
339468130 282653423 598
-303996152 413678575 283
731832346 240806869 74
-426633982 -425502124 360
-565737200 -137119490 886
808018224 708999731 800
-982058484 551537161 167
378337033 975715681 710
263383765 667515177 783
-586616475 -790320846 762
690277085 65825637 897
811738020 198650041 84
98533563 -404361539 331
-522683324 539379485 807
-218541097 -166106061 718
-893448199 -247260791 934
-723463166 457140607 551
497683581 -143746282 448
-969119518 -96486212 276
22068915 587512372 390
-465270072 472817419 956
-643642543 -920549211 233
-756590333 -455262516 122
93657359 -362014849 619
788692595 -899896889 431
287563921 965522217 30
-944966812 -577989427 753
446668602 -871791811 445
-691766346 -730468549 12
-20615679 -404304930 431
259849357 166561181 516
-682447716 567468534 611
-23975982 -902738166 105