50
836060115 -361375793 828
871081081 -144638182 529
566275795 -782902450 270
551084671 -139635127 884
1541620 485080911 517
375523238 980290720 937
705580818 528129465 303
-820341205 384437585 749
-854497899 398466592 794
-211817817 593304295 690
971837457 549224087 59
861216732 248506560 315
-980849666 -563543779 655
-923654237 469410050 54
18619539 414569228 668
341938614 -573826785 148
604593622 -670060103 486
-125552280 -155231615 957
-856543457 866023573 569
602308859 98766372 352
702937854 -421983149 307
-845136699 -975554228 94
-985029725 684041347 207
661917006 202174130 953
594826418 -670310078 226
-314755372 869701169 970
-131477507 -492859808 402
-842042348 -586621829 121
-358477358 -680816418 982
111095427 -184361278 233
-24009600 -216690700 4
440603651 -677845379 199
523934985 -385924760 874
-766041456 39110791 340
553831402 -976428376 750
487611917 756138211 841
-348605161 880213159 456
589275916 549468601 929
770353529 -807370695 766
420500207 748148752 901
988539440 640072488 658
6066806 498971671 864
922540837 -283999230 932
-199032980 612297569 923
790233791 811105928 953
-515262907 -737706887 138
-37431408 622986736 525
831434853 245328098 918
864032518 206454777 737
165324545 -990474164 811